0.000558283
0.000477264
2.52982e-06
0.00010281
0.00010281
5.65124e-05
0.000260094
4.18107e-05
4.30655e-05
0.000203824
3.53596e-05
8.00849e-06
0.000291107
0.000166309
0.000166309
1.73659e-05
6.21848e-05
6.21848e-05
5.94353e-05
2.57225e-05
1.78299e-05
1.3889e-06
1.89e-05
0.000171677
1.85139e-07
2.8881e-05
2.8881e-05
2.37902e-05
2.37902e-05
0.000430647
0.000111007
0.00058323
4.26226e-05
4.26226e-05
0.000106276
3.91351e-05
3.77298e-05
3.77298e-05
5.81265e-06
7.1491e-08
5.36117e-05
1.06825e-05
1.06825e-05
1.13887e-05
0.000266883
0.000191872
4.71219e-07
3.28559e-05
3.28559e-05
4.08527e-05
4.08527e-05
0.000221979
6.70934e-05
3.88782e-05
0.000290689
0.000290689
0.000147282
0.000190273
7.25902e-05
7.25902e-05