0.000174496
0.000174496
0.000196286
0.000196286
2.26133e-06
2.26133e-06
3.41645e-05
3.41645e-05
3.30117e-08
3.30117e-08
0.000124957
0.000164703
0.000109944
0.000109944
0.000209147
0.000209147
5.6187e-06
6.30241e-05
1.79536e-05
1.79536e-05
5.56483e-05
5.56483e-05
0.000141519
0.000141519
3.00768e-07
3.00768e-07
0.000136257
4.5194e-05
0.00051197
0.00051197
0.000329973
0.000329973
7.31303e-06
7.31303e-06
9.30498e-05
9.30498e-05
0.000365679
0.000365679
2.23031e-05
2.23031e-05
8.74496e-06
0.000145711
7.57295e-05
3.17587e-05
2.71788e-05
2.71788e-05
3.22062e-05
3.22062e-05
1.90663e-06
1.90663e-06
0.0001455
0.0001455
6.4331e-05
6.4331e-05
1.66197e-05
1.66197e-05
9.22526e-05
9.22526e-05
9.90176e-05
9.90176e-05
2.67946e-05
2.67946e-05
3.6939e-06
1.48111e-06
2.41499e-05
2.41499e-05
0.000176732
1.69378e-05
1.19921e-05
1.19921e-05
0.000456601
0.000456601
6.57912e-06
