0.000261806
9.25092e-05
0.000203112
0.000203112
9.70861e-05
0.000266827
3.4273e-05
3.4273e-05
0.00120573
0.00120573
1.85796e-06
1.85796e-06
3.20671e-05
3.20671e-05
0.000301215
6.22009e-05
3.0986e-05
3.0986e-05
7.75946e-06
0.000341954
6.23364e-07
6.23364e-07
0.000647578
0.000888831
0.000104813
0.000124624
7.31774e-05
7.31774e-05
6.34224e-07
5.51359e-05
8.98865e-07
8.98865e-07
0.000134679
1.30129e-05
3.68435e-05
5.05538e-05
2.55401e-05
2.55401e-05
1.5189e-05
6.4705e-05
0.000171761
0.000171761
0.000128171
0.000296518
0.00021897
1.40442e-06
0.000147712
0.000147712
1.236e-05
1.3179e-08
1.31953e-05
1.31953e-05
2.10246e-05
2.10246e-05
5.94775e-05
5.94775e-05
0.000457165
6.00259e-08
1.31499e-06
1.31499e-06
0.000119905
9.99654e-05
4.43947e-07
7.45512e-09
9.53685e-05
0.000208508
0.000156282
0.000156282
1.42441e-05
5.09948e-05
2.56291e-06
2.56291e-06
0.00012044
3.61314e-06
