1.20957e-05
8.44916e-06
0.000116107
0.0004577
5.89477e-05
2.02952e-05
2.10962e-05
1.53769e-05
8.55639e-08
0.00049245
0.000214271
0.000471076
2.41617e-05
3.39248e-05
5.71912e-05
1.33462e-05
4.4655e-06
4.01956e-05
0.000164259
0.000155448
0.000631604
2.11823e-05
2.64582e-07
0.000534142
4.43929e-07
2.50244e-05
5.72628e-05
3.12002e-05
7.78787e-05
8.21137e-05
1.29125e-06
4.18736e-05
3.41165e-05
2.65726e-06
2.56496e-05
1.97054e-06
4.42285e-05
0.000139137
8.46388e-05
0.000342633
0.00011843
2.58216e-05
0.000122548
0.0001555
1.17268e-05
8.50847e-05
9.38793e-05
1.99907e-07
6.87759e-05
0.000268944
5.00746e-05
0.000365217
3.89887e-06
8.31578e-05
0.000106183
2.21576e-06
5.1943e-05
2.38246e-05
2.43911e-05
0.00014239
