20  1 1 0.0909868
20  1 2 0.0458473
20  1 4 0.0229579
20  1 8 0.0119102
20  1 16 0.0114679
20  1 32 0.00863023
20  1 64 0.00427139
24  1 8 0.189842
24  1 4 0.367129
24  1 16 0.0971575
24  1 2 0.752448
24  1 32 0.0681102
24  1 64 0.0343773
24  1 1 1.45571
28  1 8 3.02219
28  1 16 1.54548
28  1 32 0.980373
28  1 4 6.37218
28  1 64 0.466446
28  1 2 11.6453
28  1 1 23.5355
30  1 8 11.8964
30  1 4 23.5635
20  11 1 0.0909739
20  11 2 0.0455327
20  11 4 0.0229512
20  11 8 0.0115699
20  11 16 0.00846789
30  1 32 3.315
20  11 32 0.00769615
24  11 4 0.370341
24  11 2 0.738039
24  11 16 0.116364
24  11 8 0.186012
24  11 32 0.0494588
24  11 1 1.458
30  1 16 6.14488
30  1 64 1.992
20  11 64 0.00429893
24  11 64 0.0342297
28  11 4 5.82549
28  11 2 11.7403
28  11 8 2.96873
28  11 16 1.55238
28  11 32 0.928583
28  11 64 0.472283
28  11 1 23.3342
30  11 8 11.7304
30  11 4 24.2689
20  20 1 0.0908856
30  11 16 6.19338
20  20 2 0.0461923
30  11 32 3.47618
20  20 4 0.0234135
20  20 8 0.0157496
24  24 2 0.77084
24  24 4 0.375588
24  24 1 1.50461
24  24 8 0.213794
30  11 64 1.97805
20  20 16 0.00829738
20  20 32 0.00805434
20  20 64 0.00494385
24  24 16 0.12612
24  24 32 0.0712384
24  24 64 0.039303
28  28 4 5.95698
28  28 16 1.60346
28  28 8 3.05866
28  28 32 1.03373
28  28 64 0.625265
28  28 2 11.9109
28  28 1 23.3167
30  30 8 12.1317
30  30 4 23.7813
30  30 32 3.93035
30  30 16 6.40367
30  30 64 2.1707
20  20 2 0.0473659
30  11 64 1.76765
30  11 64 1.77771
30  1 64 1.89652
