1.49343e-06
2.39663e-06
2.71262e-07
1.34065e-10
2.36035e-08
2.48286e-06
5.47517e-06
5.47517e-06
6.18233e-07
6.18233e-07
1.33554e-07
3.80689e-07
6.82715e-08
4.40963e-07
1.60258e-06
1.60258e-06
1.23608e-07
1.23608e-07
3.95951e-06
3.95951e-06
5.27262e-10
3.0961e-07
1.34527e-09
1.34527e-09
9.76706e-07
9.76706e-07
8.42726e-08
1.07898e-06
5.79324e-07
5.79324e-07
1.65274e-06
1.65274e-06
1.63248e-06
1.63248e-06
1.32307e-06
1.32307e-06
1.64645e-06
1.64645e-06
1.55629e-06
1.55629e-06
1.78754e-06
1.78754e-06
3.54434e-08
7.82066e-08
3.43886e-08
3.43886e-08
2.06295e-06
2.06295e-06
6.69934e-07
6.69934e-07
1.63943e-06
1.63943e-06
3.23958e-08
3.23958e-08
1.88255e-06
1.88255e-06
2.51468e-07
2.51468e-07
7.76905e-08
7.76905e-08