0.000535337
0.0439615
0.00222388
0.0254046
0.00324855
0.0176407
0.00198407
0.00349745
0.00531131
0.00178744
0.000694909
0.000626085
0.000678195
0.0148645
0.0148645
0.00848107
0.00848107
0.00129353
0.00129353
0.000624453
0.000624453
0.00393161
0.00393161
0.0308713
0.0132723
0.00243633
0.00243633
0.0253134
0.0253134
0.0114757
0.0114757
1.09752e-06
0.00120089
0.000819946
0.00460105
0.0124049
0.00969664
0.000409881
0.000409881
0.00263127
0.00263127
0.0143524
0.0143524
0.00794176
0.00794176
0.00218784
0.00218784
0.0167935
0.0167935
0.00426245
0.00426245
0.0448716
0.0448716
0.00456299
0.00456299
9.68178e-05
9.68178e-05
0.00224196
0.00192509
0.00093432
0.00093432
