0.000106505
0.000126607
9.80429e-07
4.01192e-05
0.000163302
3.84566e-05
5.3829e-05
0.000323541
6.23313e-08
0.000582787
1.77322e-05
1.61703e-05
2.50102e-06
2.47273e-05
0.00018306
0.000156343
2.27145e-06
0.000108204
0.000117606
9.8479e-05
0.000204574
4.11943e-05
5.76619e-05
1.31946e-05
0.000162612
4.41421e-05
0.00024155
5.32932e-07
3.9705e-05
6.41603e-05
0.00031688
0.00014193
1.31035e-05
0.00030112
5.1778e-07
1.54054e-06
4.23801e-05
1.71145e-05
1.24963e-06
0.000160244
2.90169e-06
2.55709e-06
1.43188e-06
1.54725e-07
0.000323779
1.39415e-05
4.76668e-06
0.000255235
9.66064e-05
0.00025405
3.91532e-05
9.50314e-05
5.10616e-05
3.30399e-05
1.21113e-05
6.41025e-05
0.00050734
3.56628e-05
0.000139867
0.00110831
1.42753e-05
3.191e-05
9.15737e-07
3.23171e-05
0.000128545
8.85927e-05